image_width: 1280
image_height: 960
camera_name: head_camera
camera_matrix:
  rows: 3
  cols: 3
  data: [1280, 0, 960, 0, 1280, 960, 0, 0, 1]
distortion_model: plumb_bob
distortion_coefficients:
  rows: 1
  cols: 5
  data: [-0.41527, 0.31874, -0.00197, 0.00071, 0]
rectification_matrix:
  rows: 3
  cols: 3
  data: [1, 0, 0, 0, 1, 0, 0, 0, 1]
projection_matrix:
  rows: 3
  cols: 4
  data: [1280, 0, 960, 0, 0, 1280, 960, 0, 0, 0, 1, 0]
